0.000000 10.000000
0.016667 10.000000
0.033333 9.500000
0.116667 9.500000
0.133333 9.000000
0.600000 9.000000
0.616667 8.500000
1.600000 8.500000
1.616667 8.000000
3.683333 8.000000
3.700000 7.500000
4.066667 7.500000
4.083333 8.000000
4.150000 8.000000
4.166667 8.500000
4.266667 8.500000
4.283333 9.000000
4.516667 9.000000
4.533333 9.500000
4.816667 9.500000
4.833333 10.000000
5.700000 10.000000
5.716667 10.500000
5.733333 10.000000
5.750000 10.500000
9.366667 10.500000
9.383333 11.000000
9.483333 11.000000
9.500000 10.500000
9.516667 11.000000
13.933333 11.000000
13.950000 10.500000
13.966667 10.500000
13.983333 10.000000
14.016667 10.000000
14.033333 9.500000
14.066667 9.500000
14.083333 9.000000
14.116667 9.000000
14.133333 8.500000
14.200000 8.500000
14.216667 8.000000
14.400000 8.000000
14.416667 7.500000
14.866667 7.500000
14.883333 7.000000
16.783333 7.000000
16.800000 6.500000
16.933333 6.500000
16.950000 7.000000
18.000000 7.000000
