0.000000 28.650000
0.016667 28.618039
0.033333 28.586132
0.050000 28.553423
0.066667 28.520771
0.083333 28.488174
0.100000 28.455633
0.116667 28.423148
0.133333 28.390718
0.150000 28.357488
0.166667 28.324314
0.183333 28.291197
0.200000 28.258137
0.216667 28.225133
0.233333 28.192186
0.250000 28.159296
0.266667 28.126461
0.283333 28.093684
0.300000 28.060962
0.316667 28.028296
0.333333 27.995687
0.350000 27.963133
0.366667 27.930635
0.383333 27.898193
0.400000 27.865806
0.416667 27.833475
0.433333 27.801199
0.450000 27.768978
0.466667 27.736813
0.483333 27.704703
0.500000 27.672648
0.516667 27.640648
0.533333 27.608702
0.550000 27.576812
0.566667 27.544976
0.583333 27.513195
0.600000 27.481468
0.616667 27.449795
0.633333 27.417320
0.650000 27.384901
0.666667 27.352537
0.683333 27.320228
0.700000 27.287975
0.716667 27.255777
0.733333 27.223635
0.750000 27.191547
0.766667 27.159515
0.783333 27.127537
0.800000 27.095614
0.816667 27.063746
0.833333 27.031932
0.850000 27.000173
0.866667 26.968469
0.883333 26.936819
0.900000 26.905223
0.916667 26.873681
0.933333 26.842193
0.950000 26.810759
0.966667 26.779379
0.983333 26.748053
1.000000 26.716780
1.016667 26.685561
1.033333 26.654396
1.050000 26.623284
1.066667 26.592225
1.083333 26.561220
1.100000 26.530267
1.116667 26.499368
1.133333 26.468522
1.150000 26.437728
1.166667 26.406988
1.183333 26.376300
1.200000 26.345664
1.216667 26.315081
1.233333 26.284551
1.250000 26.254073
1.266667 26.223647
1.283333 26.193273
1.300000 26.162951
1.316667 26.132681
1.333333 26.102463
1.350000 26.072297
1.366667 26.042183
1.383333 26.012120
1.400000 25.982109
1.416667 25.952149
1.433333 25.922240
1.450000 25.892383
1.466667 25.862577
1.483333 25.832822
1.500000 25.803118
1.516667 25.773465
1.533333 25.743862
1.550000 25.714311
1.566667 25.684810
1.583333 25.655359
1.600000 25.625959
1.616667 25.596610
1.633333 25.566454
1.650000 25.536349
1.666667 25.506296
1.683333 25.476295
1.700000 25.446345
1.716667 25.416447
1.733333 25.386599
1.750000 25.356803
1.766667 25.327058
1.783333 25.297364
1.800000 25.267720
1.816667 25.238128
1.833333 25.208586
1.850000 25.179095
1.866667 25.149655
1.883333 25.120264
1.900000 25.090925
1.916667 25.061635
1.933333 25.032396
1.950000 25.003207
1.966667 24.974067
1.983333 24.944978
2.000000 24.915939
2.016667 24.886949
2.033333 24.858009
2.050000 24.829119
2.066667 24.800278
2.083333 24.771487
2.100000 24.742745
2.116667 24.714052
2.133333 24.685408
2.150000 24.656814
2.166667 24.628268
2.183333 24.599772
2.200000 24.571324
2.216667 24.542925
2.233333 24.514574
2.250000 24.486273
2.266667 24.458019
2.283333 24.429814
2.300000 24.401658
2.316667 24.373550
2.333333 24.345490
2.350000 24.317478
2.366667 24.289514
2.383333 24.261598
2.400000 24.233729
2.416667 24.205909
2.433333 24.178136
2.450000 24.150411
2.466667 24.122733
2.483333 24.095103
2.500000 24.067520
2.516667 24.039984
2.533333 24.012496
2.550000 23.985055
2.566667 23.957660
2.583333 23.930313
2.600000 23.903012
2.616667 23.875759
2.633333 23.848552
2.650000 23.821391
2.666667 23.794277
2.683333 23.767210
2.700000 23.740189
2.716667 23.713214
2.733333 23.686286
2.750000 23.659404
2.766667 23.632567
2.783333 23.605777
2.800000 23.579033
2.816667 23.552334
2.833333 23.525682
2.850000 23.499075
2.866667 23.472513
2.883333 23.445997
2.900000 23.419527
2.916667 23.393101
2.933333 23.366722
2.950000 23.340387
2.966667 23.314097
2.983333 23.287853
3.000000 23.261653
3.016667 23.235499
3.033333 23.209389
3.050000 23.183324
3.066667 23.157304
3.083333 23.131328
3.100000 23.105397
3.116667 23.079510
3.133333 23.053668
3.150000 23.027869
3.166667 23.002115
3.183333 22.976406
3.200000 22.950740
3.216667 22.925118
3.233333 22.899540
3.250000 22.874006
3.266667 22.848516
3.283333 22.823069
3.300000 22.797666
3.316667 22.772307
3.333333 22.746991
3.350000 22.721718
3.366667 22.696489
3.383333 22.671303
3.400000 22.646160
3.416667 22.621060
3.433333 22.596004
3.450000 22.570990
3.466667 22.546019
3.483333 22.521091
3.500000 22.496205
3.516667 22.471362
3.533333 22.446562
3.550000 22.421805
3.566667 22.397089
3.583333 22.372416
3.600000 22.347786
3.616667 22.323197
3.633333 22.298651
3.650000 22.274147
3.666667 22.249684
3.683333 22.225264
3.700000 22.200886
3.716667 22.175692
3.733333 22.150542
3.750000 22.125434
3.766667 22.100370
3.783333 22.075349
3.800000 22.050370
3.816667 22.025435
3.833333 22.000542
3.850000 21.975691
3.866667 21.950884
3.883333 21.926119
3.900000 21.901396
3.916667 21.876716
3.933333 21.852078
3.950000 21.827482
3.966667 21.802928
3.983333 21.778417
4.000000 21.753947
4.016667 21.729519
4.033333 21.705134
4.050000 21.680790
4.066667 21.656487
4.083333 21.632227
4.100000 21.608865
4.116667 21.585542
4.133333 21.562260
4.150000 21.539018
4.166667 21.515816
4.183333 21.493510
4.200000 21.471242
4.216667 21.449013
4.233333 21.426822
4.250000 21.404668
4.266667 21.382553
4.283333 21.360476
4.300000 21.339293
4.316667 21.318146
4.333333 21.297036
4.350000 21.275962
4.366667 21.254924
4.383333 21.233923
4.400000 21.212957
4.416667 21.192027
4.433333 21.171133
4.450000 21.150275
4.466667 21.129452
4.483333 21.108665
4.500000 21.087914
4.516667 21.067199
4.533333 21.046518
4.550000 21.026731
4.566667 21.006977
4.583333 20.987257
4.600000 20.967571
4.616667 20.947918
4.633333 20.928299
4.650000 20.908714
4.666667 20.889162
4.683333 20.869644
4.700000 20.850160
4.716667 20.830708
4.733333 20.811290
4.750000 20.791906
4.766667 20.772554
4.783333 20.753236
4.800000 20.733951
4.816667 20.714699
4.833333 20.695479
4.850000 20.677150
4.866667 20.658852
4.883333 20.640586
4.900000 20.622350
4.916667 20.604146
4.933333 20.585974
4.950000 20.567832
4.966667 20.549721
4.983333 20.531642
5.000000 20.513593
5.016667 20.495576
5.033333 20.477589
5.050000 20.459633
5.066667 20.441708
5.083333 20.423813
5.100000 20.405950
5.116667 20.388117
5.133333 20.370314
5.150000 20.352542
5.166667 20.334800
5.183333 20.317089
5.200000 20.299408
5.216667 20.281758
5.233333 20.264137
5.250000 20.246547
5.266667 20.228987
5.283333 20.211457
5.300000 20.193957
5.316667 20.176488
5.333333 20.159048
5.350000 20.141638
5.366667 20.124257
5.383333 20.106907
5.400000 20.089586
5.416667 20.072295
5.433333 20.055034
5.450000 20.037802
5.466667 20.020600
5.483333 20.003427
5.500000 19.986284
5.516667 19.969170
5.533333 19.952085
5.550000 19.935030
5.566667 19.918004
5.583333 19.901007
5.600000 19.884039
5.616667 19.867101
5.633333 19.850191
5.650000 19.833310
5.666667 19.816458
5.683333 19.799635
5.700000 19.782841
5.716667 19.766076
5.733333 19.750196
5.750000 19.733487
5.766667 19.717663
5.783333 19.701866
5.800000 19.686097
5.816667 19.670354
5.833333 19.654638
5.850000 19.638950
5.866667 19.623288
5.883333 19.607653
5.900000 19.592045
5.916667 19.576463
5.933333 19.560909
5.950000 19.545380
5.966667 19.529879
5.983333 19.514404
6.000000 19.498956
6.016667 19.483534
6.033333 19.468138
6.050000 19.452769
6.066667 19.437426
6.083333 19.422110
6.100000 19.406820
6.116667 19.391556
6.133333 19.376318
6.150000 19.361106
6.166667 19.345920
6.183333 19.330761
6.200000 19.315627
6.216667 19.300519
6.233333 19.285437
6.250000 19.270381
6.266667 19.255351
6.283333 19.240347
6.300000 19.225368
6.316667 19.210415
6.333333 19.195488
6.350000 19.180586
6.366667 19.165709
6.383333 19.150859
6.400000 19.136033
6.416667 19.121233
6.433333 19.106459
6.450000 19.091709
6.466667 19.076985
6.483333 19.062287
6.500000 19.047613
6.516667 19.032965
6.533333 19.018341
6.550000 19.003743
6.566667 18.989170
6.583333 18.974621
6.600000 18.960098
6.616667 18.945600
6.633333 18.931126
6.650000 18.916677
6.666667 18.902253
6.683333 18.887854
6.700000 18.873479
6.716667 18.859129
6.733333 18.844804
6.750000 18.830503
6.766667 18.816227
6.783333 18.801975
6.800000 18.787747
6.816667 18.773544
6.833333 18.759365
6.850000 18.745211
6.866667 18.731081
6.883333 18.716975
6.900000 18.702893
6.916667 18.688835
6.933333 18.674802
6.950000 18.660792
6.966667 18.646807
6.983333 18.632845
7.000000 18.618908
7.016667 18.604994
7.033333 18.591104
7.050000 18.577238
7.066667 18.563395
7.083333 18.549577
7.100000 18.535782
7.116667 18.522011
7.133333 18.508263
7.150000 18.494539
7.166667 18.480838
7.183333 18.467161
7.200000 18.453507
7.216667 18.439877
7.233333 18.426270
7.250000 18.412687
7.266667 18.399126
7.283333 18.385589
7.300000 18.372075
7.316667 18.358585
7.333333 18.345117
7.350000 18.331672
7.366667 18.318251
7.383333 18.304852
7.400000 18.291477
7.416667 18.278124
7.433333 18.264795
7.450000 18.251488
7.466667 18.238204
7.483333 18.224942
7.500000 18.211704
7.516667 18.198488
7.533333 18.185295
7.550000 18.172124
7.566667 18.158976
7.583333 18.145850
7.600000 18.132747
7.616667 18.119667
7.633333 18.106609
7.650000 18.093573
7.666667 18.080559
7.683333 18.067568
7.700000 18.054599
7.716667 18.041653
7.733333 18.028728
7.750000 18.015826
7.766667 18.002946
7.783333 17.990087
7.800000 17.977251
7.816667 17.964437
7.833333 17.951645
7.850000 17.938875
7.866667 17.926127
7.883333 17.913400
7.900000 17.900695
7.916667 17.888012
7.933333 17.875351
7.950000 17.862712
7.966667 17.850094
7.983333 17.837498
8.000000 17.824923
8.016667 17.812370
8.033333 17.799839
8.050000 17.787329
8.066667 17.774840
8.083333 17.762373
8.100000 17.749927
8.116667 17.737502
8.133333 17.725099
8.150000 17.712717
8.166667 17.700356
8.183333 17.688017
8.200000 17.675698
8.216667 17.663401
8.233333 17.651125
8.250000 17.638870
8.266667 17.626635
8.283333 17.614422
8.300000 17.602230
8.316667 17.590058
8.333333 17.577908
8.350000 17.565778
8.366667 17.553669
8.383333 17.541581
8.400000 17.529514
8.416667 17.517467
8.433333 17.505441
8.450000 17.493435
8.466667 17.481450
8.483333 17.469486
8.500000 17.457542
8.516667 17.445618
8.533333 17.433715
8.550000 17.421833
8.566667 17.409970
8.583333 17.398128
8.600000 17.386307
8.616667 17.374505
8.633333 17.362724
8.650000 17.350963
8.666667 17.339222
8.683333 17.327502
8.700000 17.315801
8.716667 17.304121
8.733333 17.292460
8.750000 17.280820
8.766667 17.269199
8.783333 17.257598
8.800000 17.246017
8.816667 17.234457
8.833333 17.222915
8.850000 17.211394
8.866667 17.199892
8.883333 17.188410
8.900000 17.176948
8.916667 17.165506
8.933333 17.154083
8.950000 17.142679
8.966667 17.131295
8.983333 17.119931
9.000000 17.108586
9.016667 17.097261
9.033333 17.085955
9.050000 17.074668
9.066667 17.063401
9.083333 17.052153
9.100000 17.040924
9.116667 17.029715
9.133333 17.018524
9.150000 17.007353
9.166667 16.996201
9.183333 16.985068
9.200000 16.973955
9.216667 16.962860
9.233333 16.951784
9.250000 16.940728
9.266667 16.929690
9.283333 16.918671
9.300000 16.907671
9.316667 16.896690
9.333333 16.885728
9.350000 16.874784
9.366667 16.863859
9.383333 16.852953
9.400000 16.842923
9.416667 16.832910
9.433333 16.822913
9.450000 16.812934
9.466667 16.802973
9.483333 16.793028
9.500000 16.783100
9.516667 16.772332
9.533333 16.762440
9.550000 16.752565
9.566667 16.742706
9.583333 16.732865
9.600000 16.723040
9.616667 16.713232
9.633333 16.703441
9.650000 16.693667
9.666667 16.683909
9.683333 16.674169
9.700000 16.664445
9.716667 16.654737
9.733333 16.645046
9.750000 16.635372
9.766667 16.625715
9.783333 16.616074
9.800000 16.606449
9.816667 16.596841
9.833333 16.587249
9.850000 16.577674
9.866667 16.568116
9.883333 16.558573
9.900000 16.549047
9.916667 16.539538
9.933333 16.530044
9.950000 16.520567
9.966667 16.511106
9.983333 16.501662
10.000000 16.492233
10.016667 16.482821
10.033333 16.473425
10.050000 16.464045
10.066667 16.454681
10.083333 16.445333
10.100000 16.436001
10.116667 16.426685
10.133333 16.417385
10.150000 16.408101
10.166667 16.398833
10.183333 16.389581
10.200000 16.380344
10.216667 16.371124
10.233333 16.361919
10.250000 16.352730
10.266667 16.343557
10.283333 16.334399
10.300000 16.325258
10.316667 16.316131
10.333333 16.307021
10.350000 16.297926
10.366667 16.288847
10.383333 16.279783
10.400000 16.270735
10.416667 16.261702
10.433333 16.252685
10.450000 16.243683
10.466667 16.234697
10.483333 16.225726
10.500000 16.216770
10.516667 16.207830
10.533333 16.198905
10.550000 16.189996
10.566667 16.181101
10.583333 16.172222
10.600000 16.163358
10.616667 16.154510
10.633333 16.145676
10.650000 16.136858
10.666667 16.128054
10.683333 16.119266
10.700000 16.110493
10.716667 16.101735
10.733333 16.092992
10.750000 16.084264
10.766667 16.075551
10.783333 16.066853
10.800000 16.058169
10.816667 16.049501
10.833333 16.040847
10.850000 16.032209
10.866667 16.023585
10.883333 16.014975
10.900000 16.006381
10.916667 15.997801
10.933333 15.989236
10.950000 15.980686
10.966667 15.972151
10.983333 15.963630
11.000000 15.955123
11.016667 15.946631
11.033333 15.938154
11.050000 15.929691
11.066667 15.921243
11.083333 15.912809
11.100000 15.904390
11.116667 15.895985
11.133333 15.887595
11.150000 15.879219
11.166667 15.870857
11.183333 15.862509
11.200000 15.854176
11.216667 15.845858
11.233333 15.837553
11.250000 15.829263
11.266667 15.820987
11.283333 15.812725
11.300000 15.804477
11.316667 15.796243
11.333333 15.788024
11.350000 15.779818
11.366667 15.771627
11.383333 15.763449
11.400000 15.755286
11.416667 15.747137
11.433333 15.739001
11.450000 15.730880
11.466667 15.722772
11.483333 15.714679
11.500000 15.706599
11.516667 15.698533
11.533333 15.690481
11.550000 15.682443
11.566667 15.674418
11.583333 15.666407
11.600000 15.658410
11.616667 15.650427
11.633333 15.642457
11.650000 15.634501
11.666667 15.626559
11.683333 15.618630
11.700000 15.610715
11.716667 15.602814
11.733333 15.594926
11.750000 15.587051
11.766667 15.579190
11.783333 15.571342
11.800000 15.563508
11.816667 15.555688
11.833333 15.547880
11.850000 15.540086
11.866667 15.532306
11.883333 15.524539
11.900000 15.516785
11.916667 15.509044
11.933333 15.501317
11.950000 15.493603
11.966667 15.485902
11.983333 15.478214
12.000000 15.470540
12.016667 15.462878
12.033333 15.455230
12.050000 15.447595
12.066667 15.439973
12.083333 15.432364
12.100000 15.424768
12.116667 15.417185
12.133333 15.409615
12.150000 15.402058
12.166667 15.394514
12.183333 15.386983
12.200000 15.379465
12.216667 15.371959
12.233333 15.364467
12.250000 15.356987
12.266667 15.349521
12.283333 15.342067
12.300000 15.334626
12.316667 15.327197
12.333333 15.319781
12.350000 15.312378
12.366667 15.304988
12.383333 15.297610
12.400000 15.290245
12.416667 15.282893
12.433333 15.275553
12.450000 15.268226
12.466667 15.260911
12.483333 15.253609
12.500000 15.246320
12.516667 15.239042
12.533333 15.231778
12.550000 15.224526
12.566667 15.217286
12.583333 15.210059
12.600000 15.202844
12.616667 15.195641
12.633333 15.188451
12.650000 15.181273
12.666667 15.174107
12.683333 15.166954
12.700000 15.159813
12.716667 15.152684
12.733333 15.145567
12.750000 15.138463
12.766667 15.131370
12.783333 15.124290
12.800000 15.117222
12.816667 15.110166
12.833333 15.103123
12.850000 15.096091
12.866667 15.089071
12.883333 15.082064
12.900000 15.075068
12.916667 15.068084
12.933333 15.061113
12.950000 15.054153
12.966667 15.047205
12.983333 15.040269
13.000000 15.033345
13.016667 15.026433
13.033333 15.019533
13.050000 15.012645
13.066667 15.005768
13.083333 14.998903
13.100000 14.992050
13.116667 14.985209
13.133333 14.978379
13.150000 14.971561
13.166667 14.964755
13.183333 14.957960
13.200000 14.951177
13.216667 14.944406
13.233333 14.937646
13.250000 14.930898
13.266667 14.924162
13.283333 14.917437
13.300000 14.910723
13.316667 14.904021
13.333333 14.897331
13.350000 14.890652
13.366667 14.883984
13.383333 14.877328
13.400000 14.870683
13.416667 14.864050
13.433333 14.857428
13.450000 14.850817
13.466667 14.844218
13.483333 14.837630
13.500000 14.831053
13.516667 14.824488
13.533333 14.817933
13.550000 14.811390
13.566667 14.804859
13.583333 14.798338
13.600000 14.791829
13.616667 14.785330
13.633333 14.778843
13.650000 14.772367
13.666667 14.765903
13.683333 14.759449
13.700000 14.753006
13.716667 14.746574
13.733333 14.740154
13.750000 14.733744
13.766667 14.727345
13.783333 14.720958
13.800000 14.714581
13.816667 14.708215
13.833333 14.701860
13.850000 14.695516
13.866667 14.689183
13.883333 14.682860
13.900000 14.676549
13.916667 14.670248
13.933333 14.663958
13.950000 14.657679
13.966667 14.650554
13.983333 14.643441
14.000000 14.635483
14.016667 14.627539
14.033333 14.619609
14.050000 14.610835
14.066667 14.602077
14.083333 14.593333
14.100000 14.583747
14.116667 14.574178
14.133333 14.564626
14.150000 14.554232
14.166667 14.543857
14.183333 14.533499
14.200000 14.523159
14.216667 14.512837
14.233333 14.501676
14.250000 14.490534
14.266667 14.479411
14.283333 14.468307
14.300000 14.457221
14.316667 14.446155
14.333333 14.435108
14.350000 14.424080
14.366667 14.413071
14.383333 14.402081
14.400000 14.391109
14.416667 14.380156
14.433333 14.368366
14.450000 14.356595
14.466667 14.344844
14.483333 14.333114
14.500000 14.321404
14.516667 14.309714
14.533333 14.298044
14.550000 14.286394
14.566667 14.274763
14.583333 14.263153
14.600000 14.251563
14.616667 14.239992
14.633333 14.228442
14.650000 14.216911
14.666667 14.205400
14.683333 14.193908
14.700000 14.182437
14.716667 14.170985
14.733333 14.159552
14.750000 14.148140
14.766667 14.136746
14.783333 14.125373
14.800000 14.114019
14.816667 14.102684
14.833333 14.091369
14.850000 14.080073
14.866667 14.068796
14.883333 14.057539
14.900000 14.045444
14.916667 14.033370
14.933333 14.021316
14.950000 14.009284
14.966667 13.997272
14.983333 13.985280
15.000000 13.973309
15.016667 13.961359
15.033333 13.949429
15.050000 13.937519
15.066667 13.925630
15.083333 13.913761
15.100000 13.901913
15.116667 13.890085
15.133333 13.878277
15.150000 13.866489
15.166667 13.854722
15.183333 13.842974
15.200000 13.831247
15.216667 13.819540
15.233333 13.807853
15.250000 13.796186
15.266667 13.784539
15.283333 13.772913
15.300000 13.761305
15.316667 13.749718
15.333333 13.738151
15.350000 13.726604
15.366667 13.715076
15.383333 13.703568
15.400000 13.692080
15.416667 13.680611
15.433333 13.669162
15.450000 13.657733
15.466667 13.646323
15.483333 13.634933
15.500000 13.623563
15.516667 13.612212
15.533333 13.600880
15.550000 13.589568
15.566667 13.578275
15.583333 13.567001
15.600000 13.555747
15.616667 13.544512
15.633333 13.533297
15.650000 13.522100
15.666667 13.510923
15.683333 13.499765
15.700000 13.488626
15.716667 13.477506
15.733333 13.466405
15.750000 13.455324
15.766667 13.444261
15.783333 13.433217
15.800000 13.422192
15.816667 13.411186
15.833333 13.400199
15.850000 13.389231
15.866667 13.378281
15.883333 13.367350
15.900000 13.356438
15.916667 13.345545
15.933333 13.334670
15.950000 13.323814
15.966667 13.312977
15.983333 13.302158
16.000000 13.291358
16.016667 13.280576
16.033333 13.269813
16.050000 13.259068
16.066667 13.248342
16.083333 13.237633
16.100000 13.226944
16.116667 13.216272
16.133333 13.205619
16.150000 13.194984
16.166667 13.184368
16.183333 13.173769
16.200000 13.163189
16.216667 13.152627
16.233333 13.142083
16.250000 13.131557
16.266667 13.121049
16.283333 13.110559
16.300000 13.100087
16.316667 13.089633
16.333333 13.079197
16.350000 13.068779
16.366667 13.058379
16.383333 13.047996
16.400000 13.037631
16.416667 13.027284
16.433333 13.016955
16.450000 13.006644
16.466667 12.996350
16.483333 12.986073
16.500000 12.975815
16.516667 12.965574
16.533333 12.955350
16.550000 12.945144
16.566667 12.934956
16.583333 12.924785
16.600000 12.914631
16.616667 12.904495
16.633333 12.894376
16.650000 12.884275
16.666667 12.874191
16.683333 12.864124
16.700000 12.854074
16.716667 12.844042
16.733333 12.834027
16.750000 12.824029
16.766667 12.814048
16.783333 12.804084
16.800000 12.794137
16.816667 12.783351
16.833333 12.772583
16.850000 12.761833
16.866667 12.751102
16.883333 12.740389
16.900000 12.729695
16.916667 12.719019
16.933333 12.708361
16.950000 12.697721
16.966667 12.687957
16.983333 12.678209
17.000000 12.668478
17.016667 12.658764
17.033333 12.649066
17.050000 12.639385
17.066667 12.629720
17.083333 12.620073
17.100000 12.610441
17.116667 12.600826
17.133333 12.591228
17.150000 12.581646
17.166667 12.572080
17.183333 12.562531
17.200000 12.552999
17.216667 12.543482
17.233333 12.533982
17.250000 12.524498
17.266667 12.515031
17.283333 12.505579
17.300000 12.496144
17.316667 12.486725
17.333333 12.477322
17.350000 12.467936
17.366667 12.458565
17.383333 12.449210
17.400000 12.439872
17.416667 12.430549
17.433333 12.421243
17.450000 12.411952
17.466667 12.402677
17.483333 12.393418
17.500000 12.384175
17.516667 12.374948
17.533333 12.365737
17.550000 12.356542
17.566667 12.347362
17.583333 12.338198
17.600000 12.329050
17.616667 12.319917
17.633333 12.310800
17.650000 12.301699
17.666667 12.292613
17.683333 12.283543
17.700000 12.274488
17.716667 12.265449
17.733333 12.256425
17.750000 12.247417
17.766667 12.238424
17.783333 12.229447
17.800000 12.220485
17.816667 12.211538
17.833333 12.202607
17.850000 12.193691
17.866667 12.184791
17.883333 12.175905
17.900000 12.167035
17.916667 12.158180
17.933333 12.149340
17.950000 12.140516
17.966667 12.131706
17.983333 12.122912
18.000000 12.114132
