0.000000 31.000000
0.005556 31.000000
0.008333 30.500000
0.050000 30.500000
0.052778 30.000000
0.119444 30.000000
0.122222 29.500000
0.183333 29.500000
0.186111 29.000000
0.266667 29.000000
0.269444 28.500000
0.380556 28.500000
0.383333 28.000000
0.516667 28.000000
0.519444 27.500000
0.666667 27.500000
0.669444 27.200000
0.738889 27.200000
0.741667 27.100000
0.775000 27.100000
0.777778 27.000000
0.855556 27.000000
0.858333 26.900000
0.891667 26.900000
0.894444 26.800000
0.897222 26.900000
0.900000 26.800000
0.933333 26.800000
0.936111 26.700000
1.008333 26.700000
1.011111 26.600000
1.044444 26.600000
1.047222 26.500000
1.083333 26.500000
1.086111 26.400000
1.088889 26.500000
1.091667 26.500000
1.094444 26.400000
1.161111 26.400000
1.163889 26.300000
1.200000 26.300000
1.202778 26.200000
1.205556 26.200000
1.208333 26.300000
1.211111 26.200000
1.286111 26.200000
1.288889 26.100000
1.322222 26.100000
1.325000 26.000000
1.327778 26.100000
1.330556 26.000000
1.363889 26.000000
1.366667 25.900000
1.447222 25.900000
1.450000 25.800000
1.486111 25.800000
1.488889 25.700000
1.522222 25.700000
1.525000 25.600000
1.597222 25.600000
1.600000 25.500000
1.638889 25.500000
1.641667 25.400000
1.644444 25.500000
1.647222 25.400000
1.719444 25.400000
1.722222 25.300000
1.755556 25.300000
1.758333 25.200000
1.800000 25.200000
1.802778 25.100000
1.880556 25.100000
1.883333 25.000000
1.922222 25.000000
1.925000 24.900000
1.927778 25.000000
1.930556 24.900000
2.011111 24.900000
2.013889 24.800000
2.058333 24.800000
2.061111 24.700000
2.094444 24.700000
2.097222 24.600000
2.180556 24.600000
2.183333 24.500000
2.227778 24.500000
2.230556 24.400000
2.319444 24.400000
2.322222 24.300000
2.358333 24.300000
2.361111 24.200000
2.402778 24.200000
2.405556 24.100000
2.488889 24.100000
2.491667 24.000000
2.536111 24.000000
2.538889 23.900000
2.625000 23.900000
2.627778 23.800000
2.630556 23.900000
2.633333 23.800000
2.675000 23.800000
2.677778 23.700000
2.716667 23.700000
2.719444 23.600000
2.805556 23.600000
2.808333 23.500000
2.811111 23.600000
2.813889 23.500000
2.816667 23.600000
2.819444 23.500000
2.858333 23.500000
2.861111 23.400000
2.863889 23.500000
2.866667 23.400000
2.947222 23.400000
2.950000 23.300000
2.994444 23.300000
2.997222 23.200000
3.038889 23.200000
3.041667 23.100000
3.044444 23.100000
3.047222 23.200000
3.050000 23.100000
3.136111 23.100000
3.138889 23.000000
3.177778 23.000000
3.180556 22.900000
3.183333 23.000000
3.188889 23.000000
3.191667 22.900000
3.194444 23.000000
3.197222 22.900000
3.277778 22.900000
3.280556 22.800000
3.283333 22.900000
3.286111 22.900000
3.288889 22.800000
3.327778 22.800000
3.330556 22.700000
3.427778 22.700000
3.430556 22.600000
3.483333 22.600000
3.486111 22.500000
3.525000 22.500000
3.527778 22.400000
3.530556 22.500000
3.533333 22.400000
3.633333 22.400000
3.636111 22.300000
3.683333 22.300000
3.686111 22.200000
3.777778 22.200000
3.780556 22.100000
3.783333 22.200000
3.786111 22.100000
3.788889 22.100000
3.791667 22.200000
3.794444 22.100000
3.827778 22.100000
3.830556 22.000000
3.833333 22.000000
3.836111 22.100000
3.838889 22.000000
3.883333 22.000000
3.886111 21.900000
3.888889 22.000000
3.891667 22.000000
3.894444 21.900000
3.988889 21.900000
3.991667 21.800000
4.041667 21.800000
4.044444 21.700000
4.047222 21.800000
4.050000 21.700000
4.155556 21.700000
4.158333 21.600000
4.202778 21.600000
4.205556 21.500000
4.316667 21.500000
4.319444 21.400000
4.322222 21.400000
4.325000 21.500000
4.327778 21.400000
4.380556 21.400000
4.383333 21.300000
4.444444 21.300000
4.447222 21.200000
4.577778 21.200000
4.580556 21.100000
4.644444 21.100000
4.647222 21.000000
4.650000 21.100000
4.655556 21.100000
4.658333 21.000000
4.811111 21.000000
4.813889 20.900000
4.877778 20.900000
4.880556 20.800000
4.883333 20.900000
4.886111 20.900000
4.888889 20.800000
4.891667 20.900000
4.894444 20.800000
5.061111 20.800000
5.063889 20.700000
5.066667 20.700000
5.069444 20.800000
5.072222 20.800000
5.075000 20.700000
5.147222 20.700000
5.150000 20.600000
5.152778 20.700000
5.155556 20.600000
5.158333 20.700000
5.161111 20.600000
5.247222 20.600000
5.250000 20.500000
5.416667 20.500000
5.419444 20.400000
5.422222 20.500000
5.430556 20.500000
5.433333 20.400000
5.508333 20.400000
5.511111 20.300000
5.513889 20.400000
5.527778 20.400000
5.530556 20.300000
5.727778 20.300000
5.730556 20.200000
5.733333 20.300000
5.736111 20.200000
5.825000 20.200000
5.827778 20.100000
5.830556 20.200000
5.833333 20.100000
5.933333 20.100000
5.936111 20.000000
5.938889 20.100000
5.941667 20.000000
5.944444 20.100000
5.947222 20.000000
5.950000 20.100000
5.952778 20.000000
6.141667 20.000000
6.144444 19.900000
6.147222 20.000000
6.150000 20.000000
6.152778 19.900000
6.155556 20.000000
6.158333 19.900000
6.258333 19.900000
6.261111 19.800000
6.263889 19.900000
6.266667 19.900000
6.269444 19.800000
6.480556 19.800000
6.483333 19.700000
6.486111 19.800000
6.488889 19.800000
6.491667 19.700000
6.494444 19.800000
6.497222 19.800000
6.500000 19.700000
6.597222 19.700000
6.600000 19.600000
6.841667 19.600000
6.844444 19.500000
6.847222 19.500000
6.850000 19.600000
6.855556 19.600000
6.858333 19.500000
6.955556 19.500000
6.958333 19.400000
6.961111 19.500000
6.966667 19.500000
6.969444 19.400000
6.972222 19.400000
6.975000 19.500000
6.980556 19.500000
6.983333 19.400000
7.088889 19.400000
7.091667 19.300000
7.094444 19.400000
7.097222 19.400000
7.100000 19.300000
7.102778 19.300000
7.105556 19.400000
7.108333 19.300000
7.355556 19.300000
7.358333 19.200000
7.361111 19.300000
7.363889 19.300000
7.366667 19.200000
7.372222 19.200000
7.375000 19.300000
7.377778 19.200000
7.497222 19.200000
7.500000 19.100000
7.505556 19.100000
7.508333 19.200000
7.511111 19.100000
7.775000 19.100000
7.777778 19.000000
7.780556 19.000000
7.783333 19.100000
7.786111 19.100000
7.788889 19.000000
7.913889 19.000000
7.916667 18.900000
7.919444 19.000000
7.927778 19.000000
7.930556 18.900000
7.933333 19.000000
7.936111 18.900000
7.938889 18.900000
7.941667 19.000000
7.944444 18.900000
8.222222 18.900000
8.225000 18.800000
8.377778 18.800000
8.380556 18.700000
8.522222 18.700000
8.525000 18.600000
8.527778 18.700000
8.530556 18.600000
8.533333 18.700000
8.536111 18.700000
8.538889 18.600000
8.541667 18.700000
8.544444 18.600000
8.830556 18.600000
8.833333 18.500000
8.836111 18.600000
8.847222 18.600000
8.850000 18.500000
8.852778 18.600000
8.855556 18.600000
8.858333 18.500000
8.863889 18.500000
8.866667 18.600000
8.869444 18.500000
8.872222 18.500000
8.875000 18.600000
8.877778 18.500000
8.880556 18.600000
8.883333 18.500000
9.019444 18.500000
9.022222 18.400000
9.025000 18.500000
9.027778 18.500000
9.030556 18.400000
9.038889 18.400000
9.041667 18.500000
9.044444 18.400000
9.352778 18.400000
9.355556 18.300000
9.358333 18.400000
9.366667 18.400000
9.369444 18.300000
9.372222 18.300000
9.375000 18.400000
9.377778 18.300000
9.380556 18.400000
9.383333 18.300000
9.386111 18.400000
9.388889 18.400000
9.391667 18.300000
9.566667 18.300000
9.569444 18.200000
9.572222 18.200000
9.575000 18.300000
9.577778 18.200000
9.583333 18.200000
9.586111 18.300000
9.588889 18.200000
9.941667 18.200000
9.944444 18.100000
9.947222 18.200000
9.955556 18.200000
9.958333 18.100000
9.963889 18.100000
9.966667 18.200000
9.969444 18.100000
9.972222 18.100000
9.975000 18.200000
9.977778 18.100000
10.125000 18.100000
10.127778 18.000000
10.130556 18.100000
10.144444 18.100000
10.147222 18.000000
10.150000 18.100000
10.152778 18.000000
10.155556 18.100000
10.158333 18.000000
10.161111 18.100000
10.163889 18.000000
10.344444 18.000000
10.347222 17.900000
10.350000 18.000000
10.352778 17.900000
10.747222 17.900000
10.750000 17.800000
10.752778 17.900000
10.761111 17.900000
10.763889 17.800000
10.766667 17.900000
10.775000 17.900000
10.777778 17.800000
10.788889 17.800000
10.791667 17.900000
10.794444 17.800000
10.986111 17.800000
10.988889 17.700000
10.991667 17.800000
10.994444 17.700000
11.005556 17.700000
11.008333 17.800000
11.011111 17.700000
11.444444 17.700000
11.447222 17.600000
11.450000 17.700000
11.452778 17.600000
11.469444 17.600000
11.472222 17.700000
11.475000 17.600000
11.486111 17.600000
11.488889 17.700000
11.491667 17.600000
11.686111 17.600000
11.688889 17.500000
11.691667 17.600000
11.694444 17.600000
11.697222 17.500000
11.700000 17.600000
11.702778 17.500000
11.716667 17.500000
11.719444 17.600000
11.722222 17.600000
11.725000 17.500000
11.902778 17.500000
11.905556 17.400000
11.908333 17.500000
11.922222 17.500000
11.925000 17.400000
11.927778 17.400000
11.930556 17.500000
11.933333 17.400000
11.936111 17.500000
11.938889 17.500000
11.941667 17.400000
11.950000 17.400000
11.952778 17.500000
11.955556 17.500000
11.958333 17.400000
12.444444 17.400000
12.447222 17.300000
12.450000 17.400000
12.452778 17.300000
12.458333 17.300000
12.461111 17.400000
12.463889 17.400000
12.466667 17.300000
12.472222 17.300000
12.475000 17.400000
12.480556 17.400000
12.483333 17.300000
12.688889 17.300000
12.691667 17.200000
12.694444 17.300000
12.713889 17.300000
12.716667 17.200000
12.719444 17.300000
12.744444 17.300000
12.747222 17.200000
13.266667 17.200000
13.269444 17.100000
13.272222 17.200000
13.275000 17.100000
13.277778 17.200000
13.288889 17.200000
13.291667 17.100000
13.294444 17.200000
13.300000 17.200000
13.302778 17.100000
13.308333 17.100000
13.311111 17.200000
13.313889 17.100000
13.330556 17.100000
13.333333 17.200000
13.336111 17.100000
13.583333 17.100000
13.586111 17.000000
13.588889 17.100000
13.594444 17.100000
13.597222 17.000000
13.600000 17.100000
13.602778 17.000000
13.605556 17.000000
13.608333 17.100000
13.611111 17.000000
13.616667 17.000000
13.619444 17.100000
13.622222 17.000000
13.630556 17.000000
13.633333 17.100000
13.636111 17.000000
14.188889 17.000000
14.191667 16.900000
14.194444 16.900000
14.197222 17.000000
14.211111 17.000000
14.213889 16.900000
14.225000 16.900000
14.227778 17.000000
14.230556 16.900000
14.238889 16.900000
14.241667 17.000000
14.244444 17.000000
14.247222 16.900000
14.250000 17.000000
14.252778 16.900000
14.416667 16.900000
14.419444 16.800000
14.422222 16.900000
14.425000 16.900000
14.427778 16.800000
14.436111 16.800000
14.438889 16.900000
14.441667 16.800000
14.450000 16.800000
14.452778 16.900000
14.455556 16.800000
14.594444 16.800000
14.597222 16.700000
14.600000 16.800000
14.602778 16.800000
14.605556 16.700000
14.608333 16.800000
14.611111 16.700000
14.902778 16.700000
14.905556 16.600000
14.908333 16.700000
14.911111 16.600000
15.047222 16.600000
15.050000 16.500000
15.052778 16.600000
15.055556 16.500000
15.302778 16.500000
15.305556 16.400000
15.308333 16.500000
15.316667 16.500000
15.319444 16.400000
15.322222 16.500000
15.325000 16.500000
15.327778 16.400000
15.330556 16.500000
15.333333 16.400000
15.338889 16.400000
15.341667 16.500000
15.344444 16.400000
15.452778 16.400000
15.455556 16.300000
15.458333 16.400000
15.461111 16.400000
15.463889 16.300000
15.466667 16.400000
15.469444 16.300000
15.602778 16.300000
15.605556 16.200000
15.608333 16.300000
15.611111 16.200000
15.619444 16.200000
15.622222 16.300000
15.625000 16.200000
15.888889 16.200000
15.891667 16.100000
15.894444 16.100000
15.897222 16.200000
15.900000 16.100000
16.008333 16.100000
16.011111 16.000000
16.013889 16.100000
16.016667 16.000000
16.019444 16.100000
16.022222 16.100000
16.025000 16.000000
16.027778 16.100000
16.030556 16.000000
16.294444 16.000000
16.297222 15.900000
16.300000 16.000000
16.302778 16.000000
16.305556 15.900000
16.444444 15.900000
16.447222 15.800000
16.455556 15.800000
16.458333 15.900000
16.461111 15.900000
16.463889 15.800000
16.577778 15.800000
16.580556 15.700000
16.583333 15.800000
16.586111 15.700000
16.588889 15.700000
16.591667 15.800000
16.594444 15.700000
16.852778 15.700000
16.855556 15.600000
16.858333 15.700000
16.869444 15.700000
16.872222 15.600000
16.880556 15.600000
16.883333 15.700000
16.886111 15.700000
16.888889 15.600000
17.002778 15.600000
17.005556 15.500000
17.008333 15.600000
17.019444 15.600000
17.022222 15.500000
17.025000 15.600000
17.027778 15.500000
17.305556 15.500000
17.308333 15.400000
17.311111 15.500000
17.313889 15.500000
17.316667 15.400000
17.319444 15.400000
17.322222 15.500000
17.325000 15.400000
17.436111 15.400000
17.438889 15.300000
17.441667 15.300000
17.444444 15.400000
17.447222 15.300000
17.450000 15.400000
17.455556 15.400000
17.458333 15.300000
17.461111 15.400000
17.463889 15.300000
17.466667 15.400000
17.469444 15.300000
17.583333 15.300000
17.586111 15.200000
17.588889 15.300000
17.597222 15.300000
17.600000 15.200000
17.611111 15.200000
17.613889 15.300000
17.616667 15.200000
17.625000 15.200000
17.627778 15.300000
17.630556 15.200000
17.913889 15.200000
17.916667 15.100000
17.919444 15.200000
17.922222 15.200000
17.925000 15.100000
17.927778 15.100000
17.930556 15.200000
17.933333 15.100000
17.936111 15.100000
17.938889 15.200000
17.941667 15.100000
18.075000 15.100000
18.077778 15.000000
18.083333 15.000000
18.086111 15.100000
18.088889 15.000000
18.141667 15.000000
