0.000000 28.800000
0.005556 28.800000
0.008333 28.700000
0.013889 28.700000
0.016667 28.600000
0.033333 28.600000
0.036111 28.500000
0.041667 28.500000
0.044444 28.400000
0.052778 28.400000
0.055556 28.300000
0.075000 28.300000
0.077778 28.200000
0.086111 28.200000
0.088889 28.100000
0.108333 28.100000
0.111111 28.000000
0.125000 28.000000
0.127778 27.900000
0.136111 27.900000
0.138889 27.800000
0.163889 27.800000
0.166667 27.700000
0.177778 27.700000
0.180556 27.600000
0.191667 27.600000
0.194444 27.500000
0.216667 27.500000
0.219444 27.400000
0.233333 27.400000
0.236111 27.300000
0.244444 27.300000
0.247222 27.200000
0.275000 27.200000
0.277778 27.100000
0.288889 27.100000
0.291667 27.000000
0.319444 27.000000
0.322222 26.900000
0.336111 26.900000
0.338889 26.800000
0.350000 26.800000
0.352778 26.700000
0.386111 26.700000
0.388889 26.600000
0.408333 26.600000
0.411111 26.500000
0.422222 26.500000
0.425000 26.400000
0.461111 26.400000
0.463889 26.300000
0.483333 26.300000
0.486111 26.200000
0.530556 26.200000
0.533333 26.100000
0.550000 26.100000
0.552778 26.000000
0.572222 26.000000
0.575000 25.900000
0.622222 25.900000
0.625000 25.800000
0.641667 25.800000
0.644444 25.700000
0.672222 25.700000
0.675000 25.600000
0.719444 25.600000
0.722222 25.500000
0.725000 25.600000
0.727778 25.500000
0.750000 25.500000
0.752778 25.400000
0.808333 25.400000
0.811111 25.300000
0.836111 25.300000
0.838889 25.200000
0.863889 25.200000
0.866667 25.100000
0.922222 25.100000
0.925000 25.000000
0.952778 25.000000
0.955556 24.900000
0.958333 25.000000
0.961111 24.900000
1.019444 24.900000
1.022222 24.800000
1.050000 24.800000
1.052778 24.700000
1.083333 24.700000
1.086111 24.600000
1.147222 24.600000
1.150000 24.500000
1.183333 24.500000
1.186111 24.400000
1.244444 24.400000
1.247222 24.300000
1.283333 24.300000
1.286111 24.200000
1.316667 24.200000
1.319444 24.100000
1.388889 24.100000
1.391667 24.000000
1.425000 24.000000
1.427778 23.900000
1.494444 23.900000
1.497222 23.800000
1.500000 23.900000
1.502778 23.900000
1.505556 23.800000
1.533333 23.800000
1.536111 23.700000
1.538889 23.800000
1.541667 23.700000
1.572222 23.700000
1.575000 23.600000
1.644444 23.600000
1.647222 23.500000
1.683333 23.500000
1.686111 23.400000
1.761111 23.400000
1.763889 23.300000
1.802778 23.300000
1.805556 23.200000
1.844444 23.200000
1.847222 23.100000
1.913889 23.100000
1.916667 23.000000
1.952778 23.000000
1.955556 22.900000
1.958333 23.000000
1.961111 23.000000
1.963889 22.900000
2.038889 22.900000
2.041667 22.800000
2.075000 22.800000
2.077778 22.700000
2.080556 22.800000
2.083333 22.700000
2.155556 22.700000
2.158333 22.600000
2.161111 22.700000
2.163889 22.600000
2.200000 22.600000
2.202778 22.500000
2.205556 22.600000
2.208333 22.500000
2.241667 22.500000
2.244444 22.400000
2.322222 22.400000
2.325000 22.300000
2.366667 22.300000
2.369444 22.200000
2.458333 22.200000
2.461111 22.100000
2.497222 22.100000
2.500000 22.000000
2.502778 22.100000
2.505556 22.000000
2.547222 22.000000
2.550000 21.900000
2.625000 21.900000
2.627778 21.800000
2.680556 21.800000
2.683333 21.700000
2.769444 21.700000
2.772222 21.600000
2.813889 21.600000
2.816667 21.500000
2.902778 21.500000
2.905556 21.400000
2.908333 21.500000
2.911111 21.400000
2.952778 21.400000
2.955556 21.300000
3.000000 21.300000
3.002778 21.200000
3.005556 21.300000
3.008333 21.200000
3.094444 21.200000
3.097222 21.100000
3.100000 21.200000
3.102778 21.100000
3.141667 21.100000
3.144444 21.000000
3.147222 21.100000
3.150000 21.000000
3.236111 21.000000
3.238889 20.900000
3.244444 20.900000
3.247222 21.000000
3.250000 20.900000
3.294444 20.900000
3.297222 20.800000
3.394444 20.800000
3.397222 20.700000
3.436111 20.700000
3.438889 20.500000
3.597222 20.500000
3.600000 20.400000
3.602778 20.500000
3.605556 20.400000
3.658333 20.400000
3.661111 20.300000
3.733333 20.300000
3.736111 20.000000
3.977778 20.000000
3.980556 19.900000
3.983333 20.000000
3.986111 19.900000
4.036111 19.900000
4.038889 19.800000
4.041667 19.500000
4.372222 19.500000
4.375000 19.000000
4.841667 19.000000
4.844444 18.500000
5.436111 18.500000
5.438889 18.000000
6.116667 18.000000
6.119444 17.500000
6.788889 17.500000
6.791667 17.000000
6.794444 17.500000
6.797222 17.500000
6.800000 17.000000
7.469444 17.000000
7.472222 16.500000
8.244444 16.500000
8.247222 16.000000
8.250000 16.500000
8.252778 16.000000
9.047222 16.000000
9.050000 15.500000
9.052778 16.000000
9.055556 15.500000
10.166667 15.500000
10.169444 15.000000
11.438889 15.000000
11.441667 14.500000
11.444444 15.000000
11.447222 14.500000
12.694444 14.500000
12.697222 14.000000
14.352778 14.000000
14.355556 13.500000
14.944444 13.500000
14.947222 13.000000
15.622222 13.000000
15.625000 12.500000
16.280556 12.500000
16.283333 12.000000
17.133333 12.000000
17.136111 11.500000
17.944444 11.500000
17.947222 11.000000
17.950000 11.000000
17.952778 11.500000
17.955556 11.500000
17.958333 11.000000
18.141667 11.000000
